15
15stghajz
6
1
1
9
909099
4
1
1
3
333
3
1
1
2
2342
1
1
0
1
111111111111111111111
0
0
0
5
56786
2
1
1
4
4444
0
0
0
6
666666
1
0
1
7
777
0
0
0
11
11211211
2
1
1
10
10 sa sad
0
0
0
12
12121212
1
0
1
14
14s sdvxc
0
0
0
56
zetdiol
5
1
1
21
21qwn  3 wa 3
3
1
1
17
dsx chd as17
2
1
1
16
1gbw
0
0
0
19
wqdAX
1
1
1
18
1wysao
0
0
0
20
320sz 
0
0
0
24
iuac
2
1
1
22
djascm
1
0
1
23
sakjd2 23
0
0
0
33
yrstdfgh
1
1
1
25
wieuabsc25
0
0
0
34
34343434
0
0
0
99
978987890789
4
1
1
78
lutyr
3
1
1
69
yueaetf678
2
1
1
67
wshja
1
1
0
65
65rnf
0
0
0
77
dsafhgh77
0
0
0
89
876dc
1
0
1
90
90dsgxzfc
0
0
0
145
145145145
3
1
1
101
101 xzc zc zsa
1
1
1
100
100ssdxc,
0
0
0
123
321123
0
0
0
768
65yrxhfc
2
1
1
568
65drfk
0
0
0
900
900fdcx
1
1
1
789
fd789
0
0
0
1000
1000ewsxz
0
0
0
